0.3077 0.0580
3.0154 0.0725
4.3613 0.0797
5.9692 0.0870
9.1692 0.1014
11.2463 0.1076
13.3538 0.1159
16.8256 0.1356
18.9624 0.1495
21.2308 0.1594
22.9985 0.1705
24.9231 0.1739
26.9159 0.1915
29.1077 0.2029
32.3077 0.2319
34.0308 0.2464
36.2462 0.2754
37.9692 0.3043
39.9385 0.3478
41.9077 0.4058
42.8923 0.4493
43.8769 0.4928
44.8615 0.5507
45.8462 0.6087
46.8308 0.6812
47.8154 0.7826
48.5538 0.8551
49.2923 0.9420
49.8598 1.0238
50.3726 1.0942
50.8855 1.1848
51.5692 1.3056
52.0821 1.4062
52.5949 1.5068
52.9368 1.5874
53.2786 1.6679
53.6205 1.7484
53.9624 1.8188
54.3043 1.8994
54.6462 1.9899
54.9880 2.0705
55.4059 2.1624
55.7620 2.2533
56.1181 2.3511
56.5930 2.4630
57.0678 2.5888
57.5426 2.7076
58.0175 2.8124
58.4923 2.9103
58.9671 3.0151
59.4420 3.0990
59.9168 3.1549
60.3916 3.2178
60.9852 3.2527
61.6974 3.2877
62.4097 3.2667
63.0032 3.2458
63.5968 3.1898
64.0716 3.1339
64.5464 3.0640
65.0213 2.9732
65.6148 2.8683
66.0896 2.7775
66.5645 2.6866
67.0393 2.5818
67.3954 2.4979
67.8703 2.3931
68.3451 2.2952
68.8199 2.1904
69.2948 2.0786
69.8883 1.9667
70.3632 1.8619
70.9567 1.7710
71.4315 1.6872
72.1438 1.5753
72.6186 1.5124
73.2122 1.4356
73.9244 1.3517
74.8741 1.2608
76.0612 1.1909
77.3670 1.1490
78.6727 1.1560
79.9785 1.1909
81.0469 1.2678
81.8779 1.3587
82.7088 1.4495
83.4211 1.5614
84.2520 1.6872
84.7269 1.8060
85.3204 1.9178
85.6765 2.0157
86.1514 2.1345
86.6262 2.2603
86.9823 2.3581
87.4572 2.5049
87.8133 2.6167
88.1694 2.7286
88.6443 2.8683
89.0004 2.9732
89.2378 3.0710
89.5939 3.1759
90.0688 3.3017
90.3062 3.3995
90.7810 3.5323
91.1371 3.6371
91.4933 3.7280
91.8494 3.8259
92.4429 3.9167
92.7991 4.0006
93.1552 4.0775
93.8674 4.1264
94.4610 4.1683
95.4106 4.1404
96.0042 4.0775
96.3603 4.0076
96.8351 3.9377
97.3100 3.8398
97.6661 3.7140
98.2596 3.5742
98.4971 3.4624
98.9719 3.3436
99.3280 3.1968
99.6841 3.0990
100.0403 2.9662
100.3964 2.8404
100.7525 2.7495
101.1086 2.6237
101.4648 2.4979
101.9396 2.3441
102.2957 2.2253
102.7706 2.0995
103.1267 1.9877
103.4828 1.8479
103.9576 1.7151
104.4325 1.6243
104.7886 1.5194
105.2634 1.4076
105.8570 1.2818
106.3318 1.1700
107.1628 1.0372
107.7563 0.9323
108.4686 0.8345
109.2995 0.7227
110.1305 0.6248
110.9614 0.5549
112.0298 0.4710
112.7421 0.4081
113.9292 0.3452
115.4724 0.2684
116.7782 0.2264
118.3214 0.1775
119.8646 0.1426
