#DataThief ./BWYVPK_NixonGiedroc2000JMB/NixonGiedroc2000JMB_Fig2_BWYVPK_500mM_pH7.jpg Thursday 2-Aug-2018 12:57:15 PM
14.5433  0.0137
15.7467  0.0202
17.1498  0.0651
18.6519  0.1612
19.9605  -0.0243
21.967  -0.0498
25.4769  -0.0176
26.8806  1.7204e-3
28.1839  0.0274
29.6877  0.0531
30.9888  0.1684
32.492  0.2197
33.8961  0.2198
35.0988  0.2582
36.5016  0.3159
37.905  0.3479
39.2075  0.4057
40.7117  0.4186
42.0137  0.4955
43.315  0.5979
44.8181  0.6557
46.2208  0.7134
47.5222  0.8157
48.8239  0.8991
50.3264  0.9824
51.5276  1.0785
52.9285  1.213
54.4291  1.3667
55.729  1.5268
57.0286  1.6996
58.5289  1.866
59.8308  1.9494
61.1326  2.0327
62.636  2.0776
63.9392  2.1033
65.2438  2.0778
66.6482  2.0715
68.0533  2.0332
69.3592  1.9564
70.8654  1.886
72.0708  1.8157
73.5765  1.7711
74.9815  1.7391
76.1848  1.7521
77.5883  1.7778
79.193  1.7843
80.494  1.8996
81.7947  2.0276
83.2958  2.1621
84.495  2.335
85.8931  2.5847
87.3884  2.9496
88.6875  3.1417
89.9876  3.2953
91.2908  3.321
92.7981  3.2123
94.2114  2.8476
95.425  2.4509
96.9414  1.9774
98.3559  1.5678
99.6667  1.2928
101.1757  1.1137
102.4842  0.9282
103.7928  0.7426
105.2017  0.5571
106.6099  0.3972
107.9163  0.2949
109.2225  0.2054
110.729  0.1287
112.0334  0.1096
113.4323  0.3209
114.8331  0.4553
116.138  0.417
117.5489  0.1482
118.8549  0.0652
